[
    1,
    0,
    0,
    [
        [
            "cc.Skeleton",
            [
                "_name",
                "_hash",
                "_joints",
                "_bindposes"
            ],
            0,
            12
        ]
    ],
    [
        [
            0,
            0,
            1,
            2,
            3,
            4
        ]
    ],
    [
        [
            0,
            "Skin-1",
            3512070953,
            [
                "Bip001/Bip001 Pelvis/Bip001 Spine/Bip001 Spine1/Bip001 Neck/Bip001 Head",
                "Bip001",
                "Bip001/Bip001 Pelvis",
                "Bip001/Bip001 Pelvis/Bip001 Spine",
                "Bip001/Bip001 Pelvis/Bip001 Spine/Bip001 Spine1",
                "Bip001/Bip001 Pelvis/Bip001 Spine/Bip001 Spine1/Bip001 Neck/Bip001 L Clavicle/Bip001 L UpperArm/Bip001 L Forearm",
                "Bip001/Bip001 Pelvis/Bip001 Spine/Bip001 Spine1/Bip001 Neck/Bip001 L Clavicle/Bip001 L UpperArm/Bip001 L Forearm/Bip001 L Hand",
                "Bip001/Bip001 Pelvis/Bip001 Spine/Bip001 Spine1/Bip001 Neck/Bip001 R Clavicle/Bip001 R UpperArm/Bip001 R Forearm",
                "Bip001/Bip001 Pelvis/Bip001 Spine/Bip001 Spine1/Bip001 Neck/Bip001 R Clavicle/Bip001 R UpperArm/Bip001 R Forearm/Bip001 R Hand",
                "Bip001/Bip001 Pelvis/Bip001 Spine/Bip001 L Thigh",
                "Bip001/Bip001 Pelvis/Bip001 Spine/Bip001 Spine1/Bip001 Neck/Bip001 L Clavicle",
                "Bip001/Bip001 Pelvis/Bip001 Spine/Bip001 Spine1/Bip001 Neck/Bip001 L Clavicle/Bip001 L UpperArm",
                "Bip001/Bip001 Pelvis/Bip001 Spine/Bip001 Spine1/Bip001 Neck",
                "Bip001/Bip001 Pelvis/Bip001 Spine/Bip001 R Thigh",
                "Bip001/Bip001 Pelvis/Bip001 Spine/Bip001 Spine1/Bip001 Neck/Bip001 R Clavicle",
                "Bip001/Bip001 Pelvis/Bip001 Spine/Bip001 Spine1/Bip001 Neck/Bip001 R Clavicle/Bip001 R UpperArm"
            ],
            [
                [
                    [
                        7,
                        6.123234262925839e-17,
                        -0.000001402693328600435,
                        1,
                        0,
                        6.123234262925839e-17,
                        -1,
                        -0.000001402693328600435,
                        0,
                        1,
                        6.12324286560421e-17,
                        -6.123225660247469e-17,
                        0,
                        -0.8341881632804871,
                        -3.145254012792975e-8,
                        -0.00016824046906549484,
                        1
                    ],
                    [
                        7,
                        6.123234262925839e-17,
                        1,
                        -6.123234262925839e-17,
                        0,
                        -1,
                        6.123234262925839e-17,
                        6.123234262925839e-17,
                        0,
                        6.123234262925839e-17,
                        6.123234262925839e-17,
                        1,
                        0,
                        4.774991957390284e-9,
                        -0.00016824046906549484,
                        -0.4295979142189026,
                        1
                    ],
                    [
                        7,
                        6.123234262925839e-17,
                        0.0000027577070795814507,
                        1,
                        0,
                        6.123234262925839e-17,
                        -1,
                        0.0000027577070795814507,
                        0,
                        1,
                        6.123217719313588e-17,
                        -6.12325146828258e-17,
                        0,
                        -0.4295979142189026,
                        4.31103375220232e-9,
                        -0.00016824046906549484,
                        1
                    ],
                    [
                        7,
                        6.123233601181349e-17,
                        -0.0000014026924191057333,
                        1,
                        0,
                        6.123233601181349e-17,
                        -1,
                        -0.0000014026924191057333,
                        0,
                        1,
                        6.12324286560421e-17,
                        -6.123225660247469e-17,
                        0,
                        -0.5305886268615723,
                        0.00010957230551866814,
                        -0.00016824016347527504,
                        1
                    ],
                    [
                        7,
                        6.123233601181349e-17,
                        -0.0000014026924191057333,
                        1,
                        0,
                        6.123233601181349e-17,
                        -1,
                        -0.0000014026924191057333,
                        0,
                        1,
                        6.12324286560421e-17,
                        -6.123225660247469e-17,
                        0,
                        -0.668217658996582,
                        0.00009687588317319751,
                        -0.0001682401925791055,
                        1
                    ],
                    [
                        7,
                        0.9100040793418884,
                        0.0957999899983406,
                        0.4033796489238739,
                        0,
                        -0.10031984001398087,
                        0.9949053525924683,
                        -0.009966972284018993,
                        0,
                        -0.40227946639060974,
                        -0.03139699622988701,
                        0.9149783253669739,
                        0,
                        -0.01372155174612999,
                        -0.02352936565876007,
                        -0.7591099143028259,
                        1
                    ],
                    [
                        7,
                        0.9100040793418884,
                        -0.40330326557159424,
                        0.0961211547255516,
                        0,
                        -0.10031984001398087,
                        0.010759186930954456,
                        0.9948970675468445,
                        0,
                        -0.40227946639060974,
                        -0.9150030612945557,
                        -0.030668413266539574,
                        0,
                        -0.13723914325237274,
                        0.7590909600257874,
                        -0.024133818224072456,
                        1
                    ],
                    [
                        7,
                        -0.9100037813186646,
                        -0.09580270200967789,
                        0.4033796191215515,
                        0,
                        -0.10032232105731964,
                        0.9949050545692444,
                        0.009968073107302189,
                        0,
                        -0.40227943658828735,
                        -0.03139699622988701,
                        -0.9149783253669739,
                        0,
                        -0.013415327295660973,
                        -0.023497123271226883,
                        0.7589741349220276,
                        1
                    ],
                    [
                        7,
                        -0.9100037813186646,
                        0.40330320596694946,
                        0.09612387418746948,
                        0,
                        -0.10032232105731964,
                        0.010760286822915077,
                        -0.9948967695236206,
                        0,
                        -0.40227943658828735,
                        -0.9150030612945557,
                        0.030668411403894424,
                        0,
                        -0.13693295419216156,
                        0.7589552402496338,
                        0.024101469665765762,
                        1
                    ],
                    [
                        7,
                        0.2798590660095215,
                        -0.002500225557014346,
                        -0.960037887096405,
                        0,
                        -0.008459949865937233,
                        -0.9999642372131348,
                        0.00013805931666865945,
                        0,
                        -0.9600038528442383,
                        0.00808323547244072,
                        -0.2798702120780945,
                        0,
                        0.36821484565734863,
                        -0.0030774541664868593,
                        0.2718595862388611,
                        1
                    ],
                    [
                        7,
                        1,
                        -0.000001370906943520822,
                        4.371133144331907e-8,
                        0,
                        0.000001370906943520822,
                        1,
                        6.350475700855895e-14,
                        0,
                        -4.371133144331907e-8,
                        -3.580592074193482e-15,
                        1,
                        0,
                        -0.12518857419490814,
                        -8.963650088844588e-8,
                        -0.7466355562210083,
                        1
                    ],
                    [
                        7,
                        0.9108970165252686,
                        -0.08689954876899719,
                        0.4033796191215515,
                        0,
                        0.09933710843324661,
                        0.995003879070282,
                        -0.009966973215341568,
                        0,
                        -0.4004982113838196,
                        0.04914944991469383,
                        0.9149783849716187,
                        0,
                        0.12750846147537231,
                        -0.020334288477897644,
                        -0.7591099143028259,
                        1
                    ],
                    [
                        7,
                        6.123233601181349e-17,
                        -0.0000014026924191057333,
                        1,
                        0,
                        6.123233601181349e-17,
                        -1,
                        -0.0000014026924191057333,
                        0,
                        1,
                        6.12324286560421e-17,
                        -6.123225660247469e-17,
                        0,
                        -0.7899094820022583,
                        0.00003522844417602755,
                        -0.00016824036720208824,
                        1
                    ],
                    [
                        7,
                        -0.27985918521881104,
                        0.0025029696989804506,
                        -0.9600378274917603,
                        0,
                        -0.008460717275738716,
                        -0.9999642372131348,
                        -0.00014069312601350248,
                        0,
                        -0.9600037932395935,
                        0.008083234541118145,
                        0.27987033128738403,
                        0,
                        0.368308961391449,
                        -0.003078295150771737,
                        -0.27153658866882324,
                        1
                    ],
                    [
                        7,
                        -1,
                        -0.000001370906943520822,
                        4.371145223558415e-8,
                        0,
                        -0.000001370906943520822,
                        1,
                        5.6276865627443926e-14,
                        0,
                        -4.3711455788297826e-8,
                        -3.647466172412156e-15,
                        -1,
                        0,
                        -0.12485209107398987,
                        -8.963649378301852e-8,
                        0.7466355562210083,
                        1
                    ],
                    [
                        7,
                        -0.9108973145484924,
                        0.08689682185649872,
                        0.4033795893192291,
                        0,
                        0.09933461248874664,
                        0.9950041174888611,
                        0.009968078695237637,
                        0,
                        -0.40049824118614197,
                        0.04914944991469383,
                        -0.9149783253669739,
                        0,
                        0.12781497836112976,
                        -0.02036353014409542,
                        0.7589741349220276,
                        1
                    ]
                ],
                8,
                8,
                8,
                8,
                8,
                8,
                8,
                8,
                8,
                8,
                8,
                8,
                8,
                8,
                8,
                8
            ]
        ]
    ],
    0,
    0,
    [],
    [],
    []
]
